48.29762887 -004.41737340 14.334
48.29762971 -004.41735997 14.379
48.29763698 -004.41738809 14.452
48.29763783 -004.41737466 14.370
48.29763867 -004.41736124 14.376
48.29763951 -004.41734781 14.463
48.29764425 -004.41741620 14.302
48.29764510 -004.41740278 14.341
48.29764594 -004.41738935 14.459
48.29764678 -004.41737593 14.402
48.29764763 -004.41736250 14.347
48.29764847 -004.41734908 14.424
48.29765237 -004.41743089 14.309
48.29765321 -004.41741747 14.325
48.29765405 -004.41740404 14.291
48.29765490 -004.41739062 14.483
48.29765574 -004.41737719 14.386
48.29765658 -004.41736377 14.413
48.29765743 -004.41735034 14.389
48.29765963 -004.41745901 14.286
48.29766048 -004.41744558 14.288
48.29766132 -004.41743216 14.229
48.29766217 -004.41741873 14.355
48.29766301 -004.41740531 14.402
48.29766385 -004.41739188 14.441
48.29766470 -004.41737846 14.398
48.29766554 -004.41736503 14.417
48.29766639 -004.41735161 14.354
48.29766690 -004.41748712 14.324
48.29766775 -004.41747369 14.273
48.29766859 -004.41746027 14.242
48.29766944 -004.41744685 14.291
48.29767028 -004.41743342 14.335
48.29767112 -004.41742000 14.292
48.29767197 -004.41740657 14.384
48.29767281 -004.41739315 14.420
48.29767366 -004.41737972 14.347
48.29767450 -004.41736630 14.371
48.29767534 -004.41735287 14.448
48.29767619 -004.41733945 14.459
48.29767502 -004.41750181 14.356
48.29767586 -004.41748838 14.322
48.29767671 -004.41747496 14.294
48.29767755 -004.41746153 14.250
48.29767839 -004.41744811 14.260
48.29767924 -004.41743469 14.346
48.29768008 -004.41742126 14.362
48.29768093 -004.41740784 14.377
48.29768177 -004.41739441 14.379
48.29768261 -004.41738099 14.445
48.29768346 -004.41736756 14.353
48.29768430 -004.41735414 14.510
48.29768515 -004.41734071 14.535
48.29770793 -004.41697824 19.573
48.29768229 -004.41752992 14.375
48.29768313 -004.41751650 14.305
48.29768398 -004.41750307 14.432
48.29768482 -004.41748965 14.348
48.29768566 -004.41747622 14.263
48.29768651 -004.41746280 14.261
48.29768735 -004.41744937 14.233
48.29768820 -004.41743595 14.371
48.29768904 -004.41742253 14.371
48.29768988 -004.41740910 14.400
48.29769073 -004.41739568 14.409
48.29769157 -004.41738225 14.467
48.29769242 -004.41736883 14.383
48.29769326 -004.41735540 14.507
48.29769410 -004.41734198 14.550
48.29771689 -004.41697951 19.673
48.29768956 -004.41755804 14.330
48.29769040 -004.41754461 14.349
48.29769125 -004.41753119 14.362
48.29769209 -004.41751776 14.236
48.29769293 -004.41750434 14.377
48.29769378 -004.41749091 14.357
48.29769462 -004.41747749 14.255
48.29769547 -004.41746406 14.377
48.29769631 -004.41745064 14.229
48.29769715 -004.41743721 14.365
48.29769800 -004.41742379 14.378
48.29769884 -004.41741037 14.376
48.29769969 -004.41739694 14.454
48.29770053 -004.41738352 14.504
48.29770137 -004.41737009 14.449
48.29770222 -004.41735667 14.464
48.29770306 -004.41734324 14.565
48.29769767 -004.41757273 14.308
48.29769852 -004.41755930 14.386
48.29769936 -004.41754588 14.237
48.29770020 -004.41753245 14.346
48.29770105 -004.41751903 14.323
48.29770189 -004.41750560 14.308
48.29770274 -004.41749218 14.335
48.29770358 -004.41747875 14.234
48.29770442 -004.41746533 14.368
48.29770527 -004.41745190 14.313
48.29770611 -004.41743848 14.293
48.29770695 -004.41742505 14.496
48.29770780 -004.41741163 14.390
48.29770864 -004.41739821 14.493
48.29770949 -004.41738478 14.523
48.29771033 -004.41737136 14.493
48.29771117 -004.41735793 14.455
48.29771202 -004.41734451 14.506
48.29770494 -004.41760084 14.415
48.29770579 -004.41758742 14.377
48.29770663 -004.41757399 14.273
48.29770747 -004.41756057 14.403
48.29770832 -004.41754714 14.314
48.29770916 -004.41753372 14.329
48.29771000 -004.41752029 14.391
48.29771085 -004.41750687 14.260
48.29771169 -004.41749344 14.289
48.29771254 -004.41748002 14.281
48.29771338 -004.41746659 14.408
48.29771422 -004.41745317 14.384
48.29771507 -004.41743974 14.325
48.29771591 -004.41742632 14.492
48.29771676 -004.41741289 14.420
48.29771760 -004.41739947 14.465
48.29771844 -004.41738605 14.496
48.29771929 -004.41737262 14.445
48.29772013 -004.41735920 14.512
48.29772098 -004.41734577 14.453
48.29771221 -004.41762896 14.333
48.29771305 -004.41761553 14.256
48.29771390 -004.41760211 14.395
48.29771474 -004.41758868 14.371
48.29771559 -004.41757526 14.287
48.29771643 -004.41756183 14.355
48.29771727 -004.41754841 14.337
48.29771812 -004.41753498 14.263
48.29771896 -004.41752156 14.352
48.29771981 -004.41750813 14.413
48.29772065 -004.41749471 14.351
48.29772149 -004.41748128 14.335
48.29772234 -004.41746786 14.472
48.29772318 -004.41745443 14.449
48.29772403 -004.41744101 14.420
48.29772487 -004.41742758 14.479
48.29772571 -004.41741416 14.416
48.29772656 -004.41740073 14.460
48.29772740 -004.41738731 14.477
48.29772825 -004.41737389 14.401
48.29772909 -004.41736046 14.519
48.29772993 -004.41734704 14.476
48.29773078 -004.41733361 14.456
48.29772032 -004.41764365 14.302
48.29772117 -004.41763022 14.335
48.29772201 -004.41761680 14.310
48.29772286 -004.41760337 14.355
48.29772370 -004.41758995 14.384
48.29772454 -004.41757652 14.324
48.29772539 -004.41756310 14.298
48.29772623 -004.41754967 14.367
48.29772708 -004.41753625 14.399
48.29772792 -004.41752282 14.361
48.29772876 -004.41750940 14.445
48.29772961 -004.41749597 14.420
48.29773045 -004.41748255 14.340
48.29773130 -004.41746912 14.522
48.29773214 -004.41745570 14.452
48.29773298 -004.41744227 14.432
48.29773383 -004.41742885 14.491
48.29773467 -004.41741542 14.433
48.29773552 -004.41740200 14.437
48.29773636 -004.41738857 14.458
48.29773720 -004.41737515 14.437
48.29773805 -004.41736173 14.488
48.29773889 -004.41734830 14.530
48.29773974 -004.41733488 14.495
48.29776252 -004.41697241 15.584
48.29776421 -004.41694556 15.173
48.29776505 -004.41693213 15.264
48.29776590 -004.41691871 15.282
48.29776674 -004.41690528 15.302
48.29776758 -004.41689186 15.315
48.29776843 -004.41687843 15.264
48.29772759 -004.41767176 14.325
48.29772844 -004.41765834 14.376
48.29772928 -004.41764491 14.305
48.29773013 -004.41763149 14.349
48.29773097 -004.41761806 14.322
48.29773181 -004.41760464 14.293
48.29773266 -004.41759121 14.411
48.29773350 -004.41757779 14.328
48.29773435 -004.41756436 14.315
48.29773519 -004.41755094 14.403
48.29773603 -004.41753751 14.371
48.29773688 -004.41752409 14.423
48.29773772 -004.41751066 14.404
48.29773857 -004.41749724 14.439
48.29773941 -004.41748381 14.404
48.29774025 -004.41747039 14.548
48.29774110 -004.41745696 14.428
48.29774194 -004.41744354 14.363
48.29774279 -004.41743011 14.476
48.29774363 -004.41741669 14.433
48.29774447 -004.41740326 14.399
48.29774532 -004.41738984 14.512
48.29774616 -004.41737641 14.507
48.29774700 -004.41736299 14.476
48.29774785 -004.41734957 14.603
48.29774869 -004.41733614 14.585
48.29776641 -004.41705422 15.098
48.29776726 -004.41704079 15.119
48.29776810 -004.41702737 15.115
48.29776895 -004.41701394 15.202
48.29776979 -004.41700052 15.170
48.29777063 -004.41698710 14.856
48.29777148 -004.41697367 15.552
48.29777317 -004.41694682 15.196
48.29777401 -004.41693340 15.246
48.29777485 -004.41691997 15.234
48.29777570 -004.41690655 15.246
48.29777654 -004.41689312 15.331
48.29777739 -004.41687970 15.276
48.29773486 -004.41769988 14.396
48.29773571 -004.41768645 14.352
48.29773655 -004.41767303 14.308
48.29773740 -004.41765960 14.372
48.29773824 -004.41764618 14.309
48.29773908 -004.41763275 14.342
48.29773993 -004.41761933 14.256
48.29774077 -004.41760590 14.388
48.29774162 -004.41759248 14.335
48.29774246 -004.41757905 14.387
48.29774330 -004.41756563 14.312
48.29774415 -004.41755220 14.407
48.29774499 -004.41753878 14.369
48.29774584 -004.41752535 14.474
48.29774668 -004.41751193 14.365
48.29774752 -004.41749850 14.462
48.29774837 -004.41748508 14.377
48.29774921 -004.41747165 14.517
48.29775006 -004.41745823 14.447
48.29775090 -004.41744480 14.368
48.29775174 -004.41743138 14.478
48.29775259 -004.41741795 14.498
48.29775343 -004.41740453 14.400
48.29775427 -004.41739110 14.549
48.29775512 -004.41737768 14.549
48.29775596 -004.41736425 14.477
48.29775681 -004.41735083 14.587
48.29775765 -004.41733741 14.552
48.29777115 -004.41712261 15.071
48.29777200 -004.41710918 15.065
48.29777284 -004.41709576 15.028
48.29777368 -004.41708233 14.992
48.29777453 -004.41706891 14.976
48.29777537 -004.41705548 15.059
48.29777622 -004.41704206 15.115
48.29777706 -004.41702863 15.103
48.29777790 -004.41701521 15.137
48.29777875 -004.41700178 15.132
48.29777959 -004.41698836 14.822
48.29778044 -004.41697493 15.454
48.29778128 -004.41696151 15.149
48.29778212 -004.41694809 15.178
48.29778297 -004.41693466 15.156
48.29778381 -004.41692124 15.207
48.29778465 -004.41690781 15.216
48.29778550 -004.41689439 15.275
48.29778634 -004.41688096 15.299
48.29774213 -004.41772799 14.369
48.29774298 -004.41771456 14.355
48.29774382 -004.41770114 14.271
48.29774467 -004.41768772 14.426
48.29774551 -004.41767429 14.312
48.29774635 -004.41766087 14.340
48.29774720 -004.41764744 14.314
48.29774804 -004.41763402 14.328
48.29774889 -004.41762059 14.286
48.29774973 -004.41760717 14.413
48.29775057 -004.41759374 14.322
48.29775142 -004.41758032 14.453
48.29775226 -004.41756689 14.368
48.29775311 -004.41755347 14.402
48.29775395 -004.41754004 14.314
48.29775479 -004.41752662 14.485
48.29775564 -004.41751319 14.367
48.29775648 -004.41749977 14.421
48.29775732 -004.41748634 14.373
48.29775817 -004.41747292 14.529
48.29775901 -004.41745949 14.491
48.29775986 -004.41744607 14.429
48.29776070 -004.41743264 14.450
48.29776154 -004.41741922 14.511
48.29776239 -004.41740579 14.450
48.29776323 -004.41739237 14.492
48.29776408 -004.41737894 14.549
48.29776492 -004.41736552 14.473
48.29776576 -004.41735209 14.566
48.29776661 -004.41733867 14.574
48.29777673 -004.41717757 14.976
48.29777758 -004.41716415 15.043
48.29777842 -004.41715072 14.958
48.29777927 -004.41713730 14.872
48.29778011 -004.41712387 15.046
48.29778095 -004.41711045 15.067
48.29778180 -004.41709702 15.032
48.29778264 -004.41708360 15.030
48.29778349 -004.41707017 14.999
48.29778433 -004.41705675 15.084
48.29778517 -004.41704332 15.135
48.29778602 -004.41702990 15.163
48.29778686 -004.41701647 15.113
48.29778771 -004.41700305 15.113
48.29778855 -004.41698962 14.848
48.29778939 -004.41697620 15.508
48.29779024 -004.41696277 15.170
48.29779108 -004.41694935 15.201
48.29779192 -004.41693593 15.228
48.29779277 -004.41692250 15.235
48.29779361 -004.41690908 15.184
48.29779446 -004.41689565 15.255
48.29779530 -004.41688223 15.300
48.29775025 -004.41774268 14.276
48.29775109 -004.41772925 14.265
48.29775194 -004.41771583 14.387
48.29775278 -004.41770240 14.325
48.29775362 -004.41768898 14.385
48.29775447 -004.41767556 14.395
48.29775531 -004.41766213 14.318
48.29775616 -004.41764871 14.388
48.29775700 -004.41763528 14.293
48.29775784 -004.41762186 14.350
48.29775869 -004.41760843 14.412
48.29775953 -004.41759501 14.319
48.29776037 -004.41758158 14.441
48.29776122 -004.41756816 14.397
48.29776206 -004.41755473 14.394
48.29776291 -004.41754131 14.323
48.29776375 -004.41752788 14.420
48.29776459 -004.41751446 14.401
48.29776544 -004.41750103 14.400
48.29776628 -004.41748761 14.435
48.29776713 -004.41747418 14.495
48.29776797 -004.41746076 14.537
48.29776881 -004.41744733 14.496
48.29776966 -004.41743391 14.517
48.29777050 -004.41742048 14.512
48.29777135 -004.41740706 14.493
48.29777219 -004.41739363 14.499
48.29777303 -004.41738021 14.518
48.29777388 -004.41736678 14.473
48.29777472 -004.41735336 14.503
48.29777557 -004.41733993 14.514
48.29778232 -004.41723254 14.890
48.29778316 -004.41721911 14.836
48.29778400 -004.41720569 14.892
48.29778485 -004.41719226 14.911
48.29778569 -004.41717884 14.941
48.29778654 -004.41716541 15.047
48.29778738 -004.41715199 15.013
48.29778822 -004.41713856 14.942
48.29778907 -004.41712514 14.960
48.29778991 -004.41711171 15.091
48.29779076 -004.41709829 15.081
48.29779160 -004.41708486 15.017
48.29779244 -004.41707144 15.046
48.29779329 -004.41705801 15.058
48.29779413 -004.41704459 15.126
48.29779498 -004.41703116 15.160
48.29779582 -004.41701774 15.161
48.29779666 -004.41700431 15.068
48.29779751 -004.41699089 16.226
48.29779835 -004.41697746 15.604
48.29779919 -004.41696404 15.153
48.29780004 -004.41695061 15.195
48.29780088 -004.41693719 15.262
48.29780173 -004.41692377 15.267
48.29780257 -004.41691034 15.193
48.29780341 -004.41689692 15.268
48.29780426 -004.41688349 15.270
48.29775752 -004.41777079 14.378
48.29775836 -004.41775737 14.320
48.29775921 -004.41774394 14.232
48.29776005 -004.41773052 14.308
48.29776089 -004.41771709 14.350
48.29776174 -004.41770367 14.324
48.29776258 -004.41769024 14.282
48.29776342 -004.41767682 14.388
48.29776427 -004.41766340 14.311
48.29776511 -004.41764997 14.411
48.29776596 -004.41763655 14.382
48.29776680 -004.41762312 14.282
48.29776764 -004.41760970 14.457
48.29776849 -004.41759627 14.389
48.29776933 -004.41758285 14.390
48.29777018 -004.41756942 14.406
48.29777102 -004.41755600 14.361
48.29777186 -004.41754257 14.409
48.29777271 -004.41752915 14.349
48.29777355 -004.41751572 14.442
48.29777440 -004.41750230 14.381
48.29777524 -004.41748887 14.470
48.29777608 -004.41747545 14.477
48.29777693 -004.41746202 14.576